60.48426926;15.40878654;167;270;0;16:25:08
60.48426926;15.4087919;168;270;0;16:25:09
60.48427463;15.4087919;168;270;0;16:25:10
60.48427463;15.40879726;168;270;0;16:25:11
60.48427463;15.40880799;168;270;0;16:25:12
60.48427463;15.40880799;168;270;0;16:25:13
60.48427463;15.40880799;168;270;0;16:25:14
60.48427463;15.40880799;168;270;0;16:25:15
60.48427463;15.40880263;168;270;0;16:25:16
60.48427463;15.40880263;168;270;0;16:25:17
60.48427463;15.40880263;168;270;0;16:25:18
60.48425317;15.40877044;168;216;4;16:25:19
60.48423171;15.40875435;168;197;9;16:25:20
60.48421562;15.40875971;169;164;10;16:25:21
60.48419416;15.40878654;169;145;11;16:25:22
60.48418343;15.40883482;169;113;11;16:25:23
60.48418343;15.40889382;169;99;12;16:25:24
60.4841727;15.4089421;169;107;11;16:25:25
60.48416197;15.40899038;169;117;11;16:25:26
60.48414052;15.40902793;169;150;11;16:25:27
60.48411369;15.4090333;169;180;12;16:25:29
60.48408687;15.40900648;170;207;14;16:25:29
60.48405468;15.4089421;169;229;19;16:25:31
60.48402786;15.408867;169;233;21;16:25:31
60.48399568;15.40877581;169;233;24;16:25:32
60.48395276;15.40866852;168;231;29;16:25:34
60.48390985;15.40856123;168;229;31;16:25:34
60.48386157;15.40844321;168;229;32;16:25:36
60.48381329;15.40833592;168;229;32;16:25:37
60.48376501;15.40822327;169;227;32;16:25:38
60.48371673;15.40812671;169;223;30;16:25:39
60.48365772;15.4080677;170;202;29;16:25:40
60.48359334;15.40805697;170;175;28;16:25:41
60.48352897;15.40809453;170;163;29;16:25:42
60.48345923;15.40815353;170;158;33;16:25:43
60.4833895;15.40821254;169;157;34;16:25:44
60.48331439;15.40826619;169;159;33;16:25:45
60.48323929;15.4083252;169;163;33;16:25:46
60.48316956;15.40836811;169;164;32;16:25:47
60.48309445;15.40841639;168;161;33;16:25:48
60.48301935;15.40846467;168;161;34;16:25:49
60.48294961;15.40851295;168;160;33;16:25:50
60.48287988;15.40857196;168;158;33;16:25:51
60.48281014;15.40862024;167;161;31;16:25:52
60.48273504;15.40866315;167;163;30;16:25:53
60.48268139;15.40869534;167;162;24;16:25:54
60.48264384;15.4087168;167;162;15;16:25:55
60.48261702;15.40873826;167;160;11;16:25:56
60.48260093;15.40874898;168;160;7;16:25:57
60.48259556;15.40875971;168;161;4;16:25:58
60.4825902;15.40876508;168;149;2;16:25:59
60.4825902;15.40877044;168;147;2;16:26:01
60.48257947;15.40877581;168;163;4;16:26:01
60.48256874;15.4087919;168;152;6;16:26:03
60.48255265;15.40881872;168;136;10;16:26:03
60.48254192;15.408867;168;112;12;16:26:04
60.48253655;15.4089421;168;92;15;16:26:06
60.48253655;15.40901721;168;83;18;16:26:06
60.48254728;15.40909231;168;71;17;16:26:08
60.48256338;15.40917814;168;21;22;16:26:09
60.48258483;15.40929615;168;70;27;16:26:10
60.48260629;15.4094249;168;71;30;16:26:11
60.48262239;15.40956438;168;75;31;16:26:12
60.48264921;15.40971994;168;73;34;16:26:13
60.48267066;15.40989161;168;75;38;16:26:14
60.48269212;15.410074;168;77;40;16:26:15
60.48270822;15.41026175;167;79;42;16:26:16
60.48272431;15.41045487;167;81;40;16:26:17
60.48273504;15.41065335;168;82;41;16:26:18
60.4827404;15.41083038;168;85;38;16:26:19
60.48274577;15.41099131;168;86;34;16:26:20
60.48274577;15.41114688;168;88;33;16:26:21
60.4827404;15.41130245;168;92;33;16:26:22
60.4827404;15.41146338;168;92;35;16:26:23
60.48272967;15.41164041;167;94;39;16:26:24
60.48272431;15.41182816;167;95;39;16:26:25
60.48271358;15.41201591;167;98;40;16:26:26
60.48269749;15.41220367;167;100;40;16:26:27
60.48268139;15.4123807;166;100;39;16:26:28
60.4826653;15.41255772;167;100;38;16:26:29
60.48264921;15.41274548;166;102;38;16:26:31
60.48262775;15.4129225;166;101;37;16:26:31
60.48261166;15.4130888;166;101;37;16:26:33
60.48259556;15.41324973;166;101;34;16:26:33
60.48257947;15.41339993;166;101;31;16:26:35
60.48256338;15.41353941;166;100;28;16:26:36
60.48255265;15.41366279;166;102;25;16:26:36
60.48253119;15.41377544;166;105;25;16:26:38
60.48252046;15.4138881;166;103;23;16:26:38
60.48249364;15.41399002;166;120;25;16:26:40
60.48246145;15.41409731;166;121;27;16:26:41
60.48243999;15.41422069;166;102;26;16:26:42
60.48243999;15.4143548;166;87;30;16:26:43
60.48243999;15.41448891;166;94;26;16:26:44
60.4824239;15.41463912;167;106;31;16:26:45
60.48239172;15.41477323;167;116;31;16:26:46
60.4823488;15.41490197;167;124;33;16:26:47
60.48230052;15.41503072;166;128;35;16:26:48
60.48224688;15.41517019;166;129;35;16:26:49
60.4821986;15.4153043;166;129;35;16:26:50
60.48214495;15.41542232;166;130;34;16:26:51
60.48210204;15.41554034;165;131;31;16:26:52
60.48205376;15.41564763;165;132;29;16:26:53
60.48201621;15.41573346;165;137;23;16:26:54
60.48197865;15.41578174;165;146;18;16:26:55
60.4819572;15.41580319;164;152;9;16:26:56
60.48194647;15.41581929;164;151;4;16:26:57
60.48193038;15.41583002;165;159;6;16:26:58
60.48190355;15.41583538;165;180;14;16:26:59
60.48186064;15.41581929;165;193;19;16:27:00
60.48181772;15.4157871;165;203;21;16:27:01
60.48176408;15.41572273;165;210;26;16:27:03
60.48170507;15.41566908;165;206;28;16:27:03
60.4816407;15.4156208;165;196;30;16:27:05
60.48157096;15.41561007;165;184;30;16:27:05
60.48151195;15.41565835;164;157;30;16:27:07
60.48145831;15.41574955;163;135;30;16:27:07
60.48142612;15.41589439;162;110;34;16:27:08
60.48143148;15.41606605;162;82;36;16:27:10
60.48145831;15.41623771;162;69;39;16:27:10
60.48151195;15.41639864;162;52;43;16:27:12
60.48159242;15.41653275;163;39;45;16:27:13
60.48168898;15.41662395;163;20;48;16:27:14
60.48180699;15.41667759;163;12;50;16:27:15
60.48191965;15.41673124;163;12;50;16:27:16
60.4820323;15.4168117;163;20;52;16:27:17
60.48215032;15.4169029;163;22;54;16:27:18
60.48226297;15.41702628;164;27;56;16:27:19
60.48237562;15.41716576;165;33;58;16:27:20
60.48247755;15.41735351;166;42;60;16:27:21
60.48257947;15.41757345;166;46;61;16:27:22
60.48267066;15.41778803;167;49;62;16:27:23
60.48276722;15.41800797;167;49;61;16:27:24
60.48285842;15.41822791;167;50;62;16:27:25
60.48293889;15.41845858;168;54;61;16:27:26
60.48302472;15.41871071;168;55;61;16:27:27
60.48309982;15.41895211;168;59;62;16:27:28
60.48316419;15.41920424;169;61;62;16:27:29
60.48322856;15.41945636;169;62;61;16:27:30
60.48328757;15.41970849;170;63;59;16:27:31
60.48334658;15.41995525;170;65;58;16:27:32
60.4833895;15.42020202;170;70;55;16:27:33
60.48342705;15.42044342;171;74;52;16:27:35
60.48345387;15.42066872;170;76;50;16:27:35
60.4834646;15.42087257;170;83;41;16:27:37
60.48347533;15.42104423;170;85;36;16:27:37
60.48346996;15.42117298;170;93;28;16:27:39
60.4834646;15.42128563;170;97;25;16:27:39
60.48344314;15.42140365;170;110;25;16:27:40
60.48341632;15.42153776;170;117;32;16:27:42
60.4833734;15.42168796;170;120;38;16:27:42
60.48331976;15.42185426;170;124;41;16:27:44
60.48326075;15.42202055;170;126;44;16:27:45
60.48319638;15.42220831;170;126;49;16:27:46
60.48311591;15.42241216;170;129;55;16:27:47
60.48302472;15.42262137;170;130;60;16:27:48
60.48292816;15.42284131;170;132;62;16:27:49
60.48282623;15.42305589;170;132;63;16:27:50
60.48271894;15.42329192;170;133;67;16:27:51
60.48261166;15.42352259;170;133;69;16:27:52
60.482499;15.42376399;170;133;72;16:27:53
60.48237562;15.42402148;170;132;74;16:27:54
60.48225224;15.42428434;170;133;76;16:27:55
60.48212886;15.42454183;170;133;77;16:27:56
60.48201084;15.42479932;170;133;76;16:27:57
60.48188746;15.42506218;170;133;77;16:27:58
60.48175871;15.42533576;170;133;79;16:27:59
60.48163533;15.42560399;170;133;79;16:28:00
60.48150659;15.42587221;170;133;80;16:28:01
60.4813832;15.42614043;169;133;81;16:28:02
60.48124909;15.42641938;168;132;83;16:28:03
60.48112035;15.42671442;168;132;85;16:28:04
60.48098087;15.42702019;167;132;89;16:28:05
60.48083067;15.42733669;166;133;89;16:28:07
60.48068583;15.42763174;166;134;90;16:28:07
60.48053563;15.42793214;165;135;91;16:28:09
60.48039079;15.42823255;165;134;91;16:28:09
60.48024595;15.42853296;165;135;89;16:28:11
60.48010111;15.428828;165;134;89;16:28:11
60.47996163;15.42911768;166;134;87;16:28:12
60.47981143;15.42941272;166;135;85;16:28:14
60.47967732;15.42969167;166;135;84;16:28:14
60.47953784;15.42997062;166;135;82;16:28:16
60.47940373;15.43024421;167;135;82;16:28:17
60.47927499;15.43051243;167;134;81;16:28:18
60.47913551;15.43080211;167;133;81;16:28:19
60.47901213;15.43107569;168;132;81;16:28:20
60.47888339;15.43135464;168;132;81;16:28:21
60.47876;15.43163359;168;132;80;16:28:22
60.47863126;15.43191791;167;131;80;16:28:23
60.47850788;15.43219686;167;131;81;16:28:24
60.47838986;15.43248117;167;130;81;16:28:25
60.47826111;15.43277621;167;129;80;16:28:26
60.47813773;15.43306589;166;130;80;16:28:27
60.47801971;15.43333948;166;131;78;16:28:28
60.4779017;15.4336077;166;130;77;16:28:29
60.47779441;15.43388128;166;128;75;16:28:30
60.47769785;15.43418169;166;121;74;16:28:31
60.47762275;15.4344821;166;116;73;16:28:32
60.4775691;15.43479323;165;106;70;16:28:33
60.47754228;15.43509901;165;99;67;16:28:34
60.47754228;15.43538332;165;88;61;16:28:35
60.47755837;15.43564081;166;81;54;16:28:36
60.47757983;15.43583393;166;75;40;16:28:37
60.47759593;15.43597341;166;74;25;16:28:39
60.47760665;15.4360646;166;76;19;16:28:39
60.47761202;15.43613434;166;79;16;16:28:41
60.47761738;15.43620944;166;85;17;16:28:41
60.47760665;15.43631673;166;98;24;16:28:43
60.4775852;15.43644011;166;110;29;16:28:43
60.47755837;15.43657422;166;110;31;16:28:44
60.47755301;15.43672979;166;90;32;16:28:46
60.4775691;15.43687999;166;73;33;16:28:46
60.47762275;15.43700874;166;46;36;16:28:48
60.47769248;15.43709993;166;32;36;16:28:49
60.47777295;15.43719113;166;31;40;16:28:50
60.47785342;15.43730378;166;33;44;16:28:51
60.47794998;15.43744326;167;37;49;16:28:52
60.47804654;15.43760955;167;42;57;16:28:53
60.4781431;15.4378134;167;47;60;16:28:54
60.47823429;15.43802798;167;49;61;16:28:55
60.47832012;15.43825328;167;51;63;16:28:56
60.47841668;15.43850005;167;52;65;16:28:57
60.47850788;15.43875217;167;52;65;16:28:58
60.47860444;15.43899894;167;51;67;16:28:59
60.47869563;15.43925107;166;53;69;16:29:00
60.47879219;15.43951392;166;53;72;16:29:01
60.47889411;15.43978214;166;53;73;16:29:02
60.4790014;15.44005036;166;52;73;16:29:03
60.47910869;15.44032931;166;52;75;16:29:04
60.47922134;15.44062972;166;51;77;16:29:05
60.47932863;15.44090867;166;52;76;16:29:06
60.47943592;15.44119298;166;52;76;16:29:07
60.47953784;15.44147193;166;53;75;16:29:08
60.47964513;15.44175088;166;52;75;16:29:09
60.47974706;15.44202447;165;52;74;16:29:10
60.47985435;15.44228733;165;52;72;16:29:11
60.47996163;15.44256628;165;51;71;16:29:13
60.48005819;15.44282377;164;52;71;16:29:13
60.48015475;15.44308126;164;52;69;16:29:15
60.48025131;15.44333339;164;52;68;16:29:15
60.48034787;15.44358015;164;52;67;16:29:16
60.48044443;15.44382691;164;50;66;16:29:17
60.48053563;15.44406831;163;52;65;16:29:18
60.48063755;15.4443258;163;52;65;16:29:20
60.48072338;15.44455647;162;53;62;16:29:21
60.48080921;15.44478714;162;52;61;16:29:22
60.48088968;15.44500172;162;52;59;16:29:23
60.48095405;15.44520557;161;58;52;16:29:24
60.48100233;15.44542015;161;48;50;16:29:25
60.48102915;15.44564009;161;78;48;16:29:26
60.48103452;15.44587076;161;88;50;16:29:27
60.48103988;15.44610679;161;90;51;16:29:28
60.48104525;15.44635355;161;86;53;16:29:29
60.48107207;15.44660032;161;76;54;16:29:30
60.48113644;15.44683635;161;60;56;16:29:31
60.48122764;15.44702947;161;43;58;16:29:32
60.48133492;15.44720113;161;36;60;16:29:33
60.48145831;15.44738352;160;39;65;16:29:34
60.48157096;15.44760346;160;43;69;16:29:35
60.48167288;15.44786632;160;53;71;16:29:36
60.48175871;15.44818282;160;61;76;16:29:37
60.48183918;15.44850469;160;63;79;16:29:38
60.48192501;15.44885874;159;64;83;16:29:39
60.48201084;15.44922352;159;64;87;16:29:40
60.48210204;15.44960439;159;64;91;16:29:41
60.48219323;15.45000136;159;64;95;16:29:42
60.48228979;15.45040905;159;64;98;16:29:43
60.48239172;15.45084894;158;64;100;16:29:45
60.48249364;15.45127273;158;64;102;16:29:45
60.48260093;15.45171797;157;64;106;16:29:47
60.48270822;15.45216858;157;64;108;16:29:47
60.48282087;15.45265138;157;64;113;16:29:48
60.48293889;15.45315027;157;64;114;16:29:50
60.48305154;15.45363307;157;64;114;16:29:50
60.48316419;15.45411587;157;64;115;16:29:52
60.48327684;15.45460403;157;64;116;16:29:53
60.48339486;15.45509219;157;64;116;16:29:54
60.48350751;15.45559108;157;64;117;16:29:55
60.48362553;15.45607924;157;64;117;16:29:56
60.48374355;15.45658886;157;64;117;16:29:57
60.48386157;15.45707703;157;65;116;16:29:58
60.48397422;15.45757055;157;64;115;16:29:59
60.48408687;15.45805335;157;65;115;16:30:00
60.48419952;15.45853615;157;65;115;16:30:01
60.48431218;15.45904577;157;64;114;16:30:02
60.48443019;15.45952857;157;63;114;16:30:03
60.48454285;15.460006;157;63;114;16:30:04
60.48466623;15.4604727;158;63;113;16:30:05
60.48478425;15.46095014;158;63;114;16:30:06
60.48490763;15.46143293;158;62;115;16:30:07
60.48503101;15.461905;158;62;115;16:30:08
60.48516512;15.46239853;159;60;116;16:30:09
60.48529923;15.46288133;159;60;118;16:30:10
60.4854387;15.4633534;160;59;118;16:30:11
60.48557818;15.46383083;160;59;118;16:30:12
60.48571765;15.46430826;160;59;119;16:30:13
60.48586249;15.46480179;161;58;120;16:30:15
60.48600197;15.46527922;161;58;121;16:30:15
60.48614681;15.46576202;162;59;121;16:30:17
60.48629165;15.46624482;162;59;122;16:30:17
60.48643649;15.46674371;162;59;123;16:30:19
60.48658669;15.46723723;162;59;124;16:30:19
60.48673689;15.46773612;163;58;126;16:30:20
60.48689246;15.4682672;163;59;127;16:30:22
60.48704267;15.46877146;163;59;127;16:30:22
60.48719287;15.46928644;163;59;129;16:30:24
60.48733771;15.46980679;163;60;128;16:30:25
60.48748255;15.47032714;164;60;128;16:30:26
60.48763275;15.47086895;164;61;127;16:30:27
60.48777223;15.47139466;164;61;129;16:30:28
60.48791707;15.4719311;164;62;129;16:30:29
60.48805118;15.47246218;164;62;128;16:30:30
60.48818529;15.47299325;164;63;128;16:30:31
60.4883194;15.47356188;164;64;128;16:30:32
60.48844278;15.47410369;164;64;128;16:30:33
60.48856616;15.47465086;164;65;128;16:30:34
60.48868954;15.47519267;164;65;128;16:30:35
60.48880756;15.47573984;163;66;128;16:30:36
60.48892021;15.47628701;163;67;128;16:30:37
60.48903286;15.47685027;163;67;128;16:30:38
60.48914552;15.47742426;163;128;128;16:30:39
60.48925281;15.47798753;163;69;128;16:30:40
60.48935473;15.47854006;163;69;129;16:30:41
60.48945665;15.47910869;163;70;128;16:30:42
60.48955321;15.47966659;162;71;129;16:30:43
60.48964441;15.48024595;162;71;128;16:30:44
60.4897356;15.4808253;161;72;128;16:30:45
60.4898268;15.4813993;161;72;129;16:30:47
60.48990726;15.48197329;160;73;128;16:30:47
60.4899931;15.48254728;160;74;129;16:30:49
60.4900682;15.48312664;160;74;128;16:30:49
60.4901433;15.48370063;159;75;129;16:30:51
60.49021304;15.48430681;159;76;129;16:30:52
60.49028277;15.48488081;158;76;129;16:30:52
60.49034178;15.48546553;157;77;129;16:30:54
60.49041152;15.48604488;157;77;128;16:30:54
60.49047589;15.48662961;156;76;128;16:30:56
60.49054027;15.48721433;155;77;128;16:30:57
60.49060464;15.48779368;155;77;128;16:30:58
60.49066901;15.48839986;154;77;127;16:30:59
60.49073875;15.48897922;154;77;128;16:31:00
60.49080312;15.48955321;153;76;128;16:31:01
60.49087286;15.49013257;152;75;128;16:31:02
60.49094796;15.49071193;152;75;128;16:31:03
60.49102843;15.49128592;152;74;128;16:31:04
60.49110889;15.49186528;151;73;128;16:31:05
60.49120009;15.49246609;150;72;128;16:31:06
60.49129665;15.49303472;150;71;128;16:31:07
60.49139321;15.49359262;150;70;128;16:31:08
60.49149513;15.49415588;149;69;128;16:31:09
60.49160242;15.49471378;149;128;128;16:31:10
60.49171507;15.49528241;149;128;128;16:31:11
60.49183309;15.49585104;149;67;128;16:31:12
60.49194574;15.49638748;149;66;128;16:31:13
60.49206913;15.49693465;149;65;128;16:31:14
60.49219787;15.49747646;149;64;128;16:31:15
60.49232662;15.4980129;149;63;128;16:31:16
60.49246609;15.49855471;149;62;128;16:31:17
60.49260557;15.49909651;150;61;128;16:31:19
60.49275041;15.49961686;150;61;128;16:31:19
60.49289525;15.50013721;150;60;128;16:31:21
60.49304545;15.50065219;150;59;128;16:31:21
60.49319565;15.50116718;150;58;128;16:31:23
60.49335122;15.50167143;150;58;127;16:31:23
60.49351752;15.50219178;150;56;129;16:31:24
60.49368382;15.50268531;150;55;128;16:31:26
60.49385548;15.50317883;150;54;129;16:31:26
60.49402714;15.50366163;150;53;129;16:31:28
60.49420416;15.50413907;150;53;128;16:31:29
60.49438119;15.5046165;150;52;128;16:31:30
60.49457431;15.50510466;150;51;129;16:31:31
60.4947567;15.50557137;150;50;128;16:31:32
60.49494445;15.50603271;150;49;128;16:31:33
60.49513757;15.50647795;150;49;127;16:31:34
60.49533069;15.50693393;150;48;128;16:31:35
60.49552917;15.50737381;151;47;128;16:31:36
60.49572766;15.50781369;151;46;129;16:31:37
60.49594223;15.50825894;151;45;126;16:31:38
60.49615681;15.50868809;150;44;131;16:31:39
60.49636602;15.50909579;150;43;127;16:31:40
60.4965806;15.50950348;150;43;129;16:31:41
60.49679518;15.50990582;151;42;128;16:31:42
60.49702585;15.51031888;150;41;128;16:31:43
60.49724579;15.51069975;151;40;128;16:31:44
60.49747109;15.51107526;151;39;128;16:31:45
60.49770176;15.51145077;151;39;128;16:31:46
60.49793243;15.51182091;152;37;128;16:31:47
60.49816847;15.51218033;152;37;128;16:31:48
60.4984045;15.51253438;152;36;128;16:31:49
60.49865663;15.51289916;152;35;128;16:31:51
60.49889803;15.51324248;152;34;128;16:31:51
60.49913943;15.51357508;152;34;127;16:31:53
60.49938619;15.51390231;153;33;127;16:31:53
60.49962759;15.5142349;153;33;127;16:31:55
60.49987435;15.51456213;154;33;128;16:31:55
60.50012112;15.51488936;155;33;128;16:31:56
60.50037324;15.51523805;156;33;127;16:31:58
60.50062001;15.51557064;157;34;128;16:31:58
60.50086141;15.5159086;158;34;128;16:32:00
60.50110281;15.51624119;159;34;128;16:32:01
60.5013442;15.51657915;159;34;128;16:32:02
60.50159633;15.51693857;160;35;128;16:32:03
60.50183773;15.51728725;160;35;128;16:32:04
60.50207376;15.51764131;161;36;129;16:32:05
60.5023098;15.51800609;162;36;129;16:32:06
60.5025512;15.51837087;162;37;129;16:32:07
60.50278187;15.51873565;162;37;129;16:32:08
60.50301254;15.51910579;162;38;128;16:32:09
60.5032593;15.51949739;162;38;128;16:32:10
60.50348461;15.5198729;161;38;128;16:32:11
60.50371528;15.52026451;161;39;129;16:32:12
60.50394058;15.52065074;161;40;129;16:32:13
60.50416589;15.52104771;161;41;128;16:32:14
60.50439656;15.52145541;160;41;129;16:32:15
60.5046165;15.52185774;160;41;128;16:32:16
60.50483644;15.52225471;160;42;128;16:32:17
60.50505102;15.5226624;160;43;129;16:32:18
60.50526559;15.5230701;159;43;128;16:32:19
60.5054909;15.52349925;159;43;128;16:32:20
60.50570011;15.52391231;159;43;127;16:32:21
60.50590932;15.5243361;159;44;129;16:32:23
60.50611854;15.52474916;159;44;127;16:32:23
60.50632775;15.52517295;158;45;128;16:32:25
60.5065316;15.52559674;158;45;128;16:32:25
60.50673008;15.52603126;158;46;128;16:32:27
60.50693929;15.52648723;159;47;129;16:32:28
60.50713778;15.52692175;159;47;127;16:32:28
60.50734162;15.52736163;159;46;128;16:32:30
60.50754011;15.52779615;159;47;128;16:32:30
60.50773859;15.52823603;159;47;128;16:32:32
60.50794244;15.52867591;159;46;127;16:32:33
60.50815165;15.52912652;159;46;129;16:32:34
60.50835013;15.52956104;160;46;128;16:32:35
60.50855398;15.52999556;160;47;129;16:32:36
60.50875247;15.53043544;160;47;127;16:32:37
60.50895095;15.53086996;160;47;127;16:32:38
60.50914943;15.53131521;161;47;128;16:32:39
60.50934792;15.53175509;161;47;128;16:32:40
60.5095464;15.53220034;161;47;128;16:32:41
60.50975025;15.53266704;161;48;129;16:32:42
60.50994337;15.53311765;161;48;128;16:32:43
60.51014185;15.53356826;161;48;128;16:32:44
60.51033497;15.53401351;161;48;128;16:32:45
60.51052809;15.53446949;161;49;127;16:32:46
60.51073194;15.53494155;161;49;129;16:32:47
60.51091969;15.53539753;161;49;128;16:32:48
60.51111281;15.53585351;161;49;128;16:32:49
60.51130593;15.53630948;162;49;128;16:32:50
60.51149905;15.53677082;162;49;129;16:32:51
60.51169217;15.53723752;161;49;129;16:32:52
60.51189065;15.53770423;161;50;129;16:32:53
60.51208377;15.53815484;161;49;129;16:32:55
60.51227152;15.53861082;161;49;128;16:32:55
60.51246464;15.53907752;160;49;128;16:32:57
60.5126524;15.53952813;159;49;127;16:32:57
60.51284552;15.53998411;158;49;128;16:32:59
60.51304936;15.54046154;157;49;128;16:33:00
60.51323712;15.54091215;156;49;128;16:33:00
60.51343024;15.54136813;155;49;128;16:33:02
60.51362336;15.54181874;155;49;128;16:33:02
60.51381648;15.54227471;154;49;128;16:33:04
60.51400959;15.54273069;153;49;127;16:33:05
60.51420271;15.5431813;152;49;129;16:33:06
60.5144012;15.54365337;152;49;129;16:33:07
60.51459432;15.54410934;151;49;128;16:33:08
60.5147928;15.54456532;150;49;128;16:33:09
60.51498592;15.54501593;150;49;128;16:33:10
60.51517904;15.54546654;149;49;127;16:33:11
60.51538289;15.54593325;148;48;128;16:33:12
60.515576;15.54637313;148;47;127;16:33:13
60.51577985;15.54680228;148;45;125;16:33:14
60.51598907;15.54722071;148;43;128;16:33:15
60.51620364;15.54761231;149;41;127;16:33:16
60.51642895;15.54799318;149;40;127;16:33:17
60.51665962;15.54836869;149;37;128;16:33:18
60.51691175;15.54873347;150;35;128;16:33:19
60.51715851;15.5490768;150;34;129;16:33:20
60.51741064;15.5493933;150;32;128;16:33:21
60.5176574;15.54970443;151;31;128;16:33:22
60.51791489;15.54999411;151;28;128;16:33:23
60.51818848;15.55027306;153;26;127;16:33:24
60.51845133;15.55052519;154;25;126;16:33:25
60.51871955;15.55076122;156;23;127;16:33:27
60.51898777;15.55099189;157;22;127;16:33:27
60.51927209;15.55120647;159;21;128;16:33:29
60.51954567;15.55141568;160;20;128;16:33:29
60.51982999;15.55161417;162;18;128;16:33:31
60.5201143;15.55179656;164;17;128;16:33:31
60.52039862;15.55196285;165;15;128;16:33:33
60.52069366;15.55211842;167;14;128;16:33:34
60.52097797;15.5522579;168;13;129;16:33:35
60.52126765;15.55239201;170;12;128;16:33:36
60.52155733;15.55251002;170;11;128;16:33:37
60.52184165;15.55260658;171;9;128;16:33:38
60.52214205;15.55269241;172;7;129;16:33:39
60.52244246;15.55276215;172;6;129;16:33:40
60.52274287;15.55282652;173;5;131;16:33:41
60.52303791;15.55288017;174;4;129;16:33:42
60.52333295;15.55290699;174;2;128;16:33:43
60.523628;15.55292845;174;1;128;16:33:44
60.52392304;15.55292845;174;0;128;16:33:45
60.52422881;15.55292845;175;0;128;16:33:46
60.52452385;15.55293381;175;0;129;16:33:47
60.52481353;15.55293918;175;0;128;16:33:48
60.52510858;15.55294454;175;0;129;16:33:49
60.52540898;15.55294454;176;0;128;16:33:50
60.52570403;15.55294991;176;0;127;16:33:51
60.52599907;15.55296063;176;0;129;16:33:52
60.52630484;15.552966;177;0;129;16:33:53
60.52659988;15.55297136;177;0;129;16:33:54
60.52690029;15.55297136;177;360;129;16:33:55
60.52719533;15.55297136;178;0;129;16:33:56
60.52749038;15.55297673;178;0;128;16:33:58
60.52778542;15.55298209;178;0;129;16:33:58
60.52809119;15.55298746;178;0;129;16:33:59
60.52838624;15.55299819;178;0;128;16:34:01
60.52868664;15.55300891;178;0;128;16:34:01
60.52897632;15.55300891;179;0;127;16:34:03
60.529266;15.55301964;180;1;127;16:34:03
60.52955568;15.5530411;181;2;127;16:34:05
60.52986145;15.55308402;182;3;127;16:34:06
60.53015113;15.5531323;182;4;126;16:34:07
60.53044617;15.55321276;183;7;129;16:34:08
60.53074121;15.55328786;184;7;129;16:34:09
60.53104162;15.55337906;184;8;129;16:34:10
60.53133667;15.55346489;184;8;130;16:34:11
60.53163707;15.55353999;183;7;129;16:34:12
60.53193748;15.55361509;183;7;128;16:34:13
60.53223252;15.5536902;182;7;130;16:34:14
60.53253293;15.5537653;180;7;130;16:34:15
60.53282261;15.55384576;179;7;130;16:34:16
60.53311765;15.55392623;178;7;129;16:34:17
60.53342342;15.5540067;176;7;127;16:34:18
60.53371847;15.55409253;176;7;128;16:34:19
60.53400815;15.55417299;176;8;127;16:34:20
60.53429782;15.55426955;175;9;126;16:34:21
60.5345875;15.55438757;175;11;127;16:34:22
60.53487182;15.55452168;174;13;127;16:34:23
60.5351615;15.55468261;174;15;128;16:34:24
60.53544581;15.55485427;173;17;129;16:34:25
60.53572476;15.55504739;173;18;128;16:34:26
60.53600371;15.55526197;173;21;129;16:34:27
60.53627729;15.55549264;173;22;129;16:34:28
60.53654552;15.5557394;172;24;127;16:34:30
60.53682446;15.55601835;172;26;127;16:34:31
60.53708196;15.55630267;172;28;128;16:34:31
60.53733408;15.55660844;171;31;128;16:34:33
60.53758085;15.55692494;171;32;128;16:34:33
60.53782761;15.5572629;171;34;129;16:34:35
60.53806901;15.55761695;170;35;129;16:34:35
60.53830504;15.55799782;169;38;129;16:34:37
60.53853035;15.55838406;167;40;128;16:34:38
60.53875566;15.55877566;166;41;127;16:34:39
60.53897023;15.55917799;165;41;128;16:34:40
60.53919017;15.5595696;162;41;126;16:34:41
60.53941011;15.5599612;162;40;129;16:34:42
60.53965151;15.5603528;160;39;128;16:34:43
60.53988218;15.56071758;158;37;129;16:34:44
60.54012358;15.56105554;157;34;129;16:34:45
60.54037571;15.56138277;155;32;129;16:34:46
60.54062784;15.56168854;153;30;129;16:34:47
60.54089069;15.56196749;152;27;129;16:34:48
60.54115355;15.56223571;151;26;129;16:34:49
60.54143786;15.56249857;150;24;128;16:34:50
60.54170609;15.56274533;149;24;128;16:34:51
60.54196894;15.56299746;149;24;128;16:34:52
60.54223716;15.56323886;147;23;128;16:34:53
60.54250538;15.56348026;146;23;129;16:34:54
60.54277897;15.56372702;146;23;128;16:34:55
60.54304719;15.56396842;145;24;128;16:34:56
60.54332614;15.56422055;144;24;128;16:34:57
60.54359436;15.56446731;143;24;128;16:34:58
60.54385722;15.5647248;143;25;128;16:34:59
60.54412544;15.56497157;143;24;128;16:35:00
60.54438829;15.56522369;143;25;128;16:35:02
60.54465652;15.56547582;143;24;128;16:35:02
60.5449301;15.56572795;143;24;128;16:35:03
60.54519296;15.56598008;143;25;128;16:35:05
60.54546118;15.5662322;143;24;128;16:35:05
60.5457294;15.56648433;144;24;128;16:35:07
60.54599226;15.56673646;146;24;128;16:35:07
60.54625511;15.56698859;147;24;127;16:35:09
60.54653406;15.56725681;147;25;127;16:35:10
60.54679692;15.56750894;148;25;129;16:35:11
60.54705977;15.56777179;149;26;128;16:35:12
60.54732263;15.56804001;150;27;128;16:35:13
60.54757476;15.56832433;151;29;128;16:35:14
60.54783762;15.56861401;153;28;128;16:35:15
60.54808974;15.56890905;155;29;127;16:35:16
60.54834723;15.56923091;157;30;129;16:35:17
60.54859936;15.56954205;159;31;127;16:35:18
60.54884613;15.56986392;160;32;127;16:35:19
60.54909289;15.57019114;162;33;128;16:35:20
60.54933429;15.5705291;164;34;128;16:35:21
60.54958642;15.57088315;166;35;127;16:35:22
60.54982781;15.57123184;168;35;128;16:35:23
60.55006385;15.57158589;170;36;128;16:35:24
60.55029988;15.57193995;172;36;128;16:35:25
60.55054128;15.57229936;173;36;129;16:35:26
60.55077732;15.57265341;175;36;128;16:35:27
60.55101871;15.57301819;176;36;128;16:35:28
60.55125475;15.57336688;178;36;127;16:35:29
60.55149078;15.57372093;180;36;127;16:35:30
60.55172682;15.57407498;182;36;126;16:35:31
60.55196285;15.57442904;183;36;126;16:35:32
60.55219889;15.57478309;186;36;128;16:35:33
60.55243492;15.57513714;187;36;128;16:35:34
60.55267096;15.57549119;189;36;128;16:35:35
60.55291235;15.57585061;191;36;129;16:35:37
60.55314839;15.57620466;192;36;129;16:35:37
60.55338979;15.57656407;193;36;130;16:35:38
60.55363119;15.57691813;194;36;129;16:35:39
60.55386722;15.57727754;194;36;129;16:35:41
60.55410862;15.57763696;194;36;129;16:35:41
60.55435538;15.5780071;194;36;130;16:35:43
60.55458605;15.57836115;194;36;128;16:35:44
60.55482745;15.57872057;195;36;129;16:35:45
60.55506885;15.57907462;195;36;128;16:35:46
60.55531025;15.57942867;195;35;129;16:35:47
60.55554628;15.579772;195;35;129;16:35:48
60.55579305;15.58010995;195;34;127;16:35:49
60.55603445;15.58044791;196;34;128;16:35:50
60.55628121;15.58078051;196;33;128;16:35:51
60.55652261;15.5811131;197;33;127;16:35:52
60.55676937;15.5814296;197;33;127;16:35:53
60.55701613;15.58175683;198;33;127;16:35:54
60.55726826;15.58205724;198;30;127;16:35:55
60.55753648;15.58237374;199;29;128;16:35:56
60.55778861;15.58266878;198;29;128;16:35:57
60.5580461;15.58296382;199;29;129;16:35:58
60.55830359;15.5832535;199;28;128;16:35:59
60.55856109;15.58354855;199;29;128;16:36:00
60.55882394;15.58383286;200;27;129;16:36:01
60.55909216;15.58411181;201;27;128;16:36:02
60.55936038;15.58438003;201;26;129;16:36:03
60.55962324;15.58463752;201;25;128;16:36:04
60.55989146;15.58490574;202;26;127;16:36:06
60.56015432;15.5851686;201;26;128;16:36:06
60.5604279;15.58542073;201;24;129;16:36:07
60.56070685;15.58568895;200;24;128;16:36:09
60.56098044;15.58593571;199;24;130;16:36:09
60.56124866;15.58618248;198;24;129;16:36:11
60.56152225;15.5864346;196;24;130;16:36:11
60.56179583;15.58669209;194;24;130;16:36:13
60.56206405;15.58694959;193;25;129;16:36:13
60.56233764;15.58722317;191;26;127;16:36:15
60.56260586;15.58749676;189;27;129;16:36:16
60.56286871;15.58777571;188;27;129;16:36:17
60.56313157;15.58807075;186;29;128;16:36:18
60.5633837;15.58836579;184;29;128;16:36:19
60.56364119;15.58866084;183;29;128;16:36:20
60.56390941;15.58897197;182;30;127;16:36:21
60.56415617;15.58926702;182;29;126;16:36:22
60.5644083;15.58956206;182;29;126;16:36:23
60.56466043;15.5898571;183;30;126;16:36:24
60.56491256;15.59015214;184;30;126;16:36:25
60.56515932;15.59045792;185;30;126;16:36:26
60.56541681;15.59076905;185;30;128;16:36:27
60.56566894;15.59107482;186;30;128;16:36:28
60.56592107;15.5913806;187;30;128;16:36:29
60.5661732;15.591681;188;30;128;16:36:30
60.56643069;15.59198141;189;29;127;16:36:31
60.56668818;15.59227645;190;29;128;16:36:32
60.56694567;15.59257686;190;29;128;16:36:33
60.56720316;15.59286654;191;29;129;16:36:34
60.56746066;15.59316695;191;29;128;16:36:35
60.56771815;15.59346735;192;29;129;16:36:36
60.567981;15.59376776;192;29;128;16:36:37
60.56824386;15.59408963;193;30;129;16:36:38
60.56849599;15.59438467;193;30;129;16:36:40
60.56875348;15.59469581;193;30;129;16:36:40
60.56900561;15.59499621;193;29;126;16:36:42
60.5692631;15.59530199;193;30;129;16:36:42
60.56952059;15.59560776;193;30;128;16:36:43
60.56978345;15.59592962;193;31;127;16:36:45
60.57003558;15.59624076;193;31;128;16:36:45
60.5702877;15.5965519;193;30;128;16:36:47
60.57053983;15.59686303;193;30;128;16:36:48
60.57079196;15.59717417;193;31;128;16:36:49
60.57104945;15.59749067;193;31;129;16:36:50
60.57130694;15.59781253;193;31;129;16:36:51
60.57155371;15.59812367;193;31;127;16:36:52
60.57180583;15.59843481;193;31;128;16:36:53
60.57205796;15.59874594;193;31;129;16:36:54
60.57231009;15.59906244;193;31;128;16:36:55
60.57256222;15.59937894;193;31;129;16:36:56
60.57281435;15.59969544;193;31;128;16:36:57
60.57306647;15.60002804;193;31;128;16:36:58
60.5733186;15.60034454;194;32;128;16:36:59
60.57356536;15.60067177;194;32;128;16:37:00
60.57381749;15.60099363;194;32;128;16:37:01
60.57406425;15.6013155;194;32;128;16:37:02
60.57431102;15.60164273;194;33;128;16:37:03
60.57456851;15.60198069;195;32;127;16:37:04
60.57481527;15.60229719;195;32;128;16:37:05
60.57506204;15.60260832;196;31;128;16:37:06
60.5753088;15.60292482;197;31;127;16:37:07
60.57556093;15.60323596;198;31;127;16:37:08
60.57580233;15.6035471;198;32;125;16:37:09
60.57605445;15.60386896;199;31;129;16:37:10
60.57632267;15.60419619;201;31;128;16:37:12
60.5765748;15.6044966;202;30;128;16:37:12
60.57683766;15.60479164;203;28;130;16:37:14
60.57709515;15.60507059;204;27;129;16:37:14
60.57736337;15.60533345;205;26;128;16:37:15
60.57762623;15.60559094;205;25;128;16:37:16
60.57789981;15.6058377;206;23;129;16:37:17
60.57819486;15.60608447;206;22;129;16:37:19
60.57846844;15.60630977;206;21;129;16:37:20
60.57874739;15.60651898;206;19;129;16:37:21
60.57902634;15.60672283;206;18;128;16:37:22
60.57931066;15.60691059;205;17;127;16:37:23
60.57961106;15.60709298;205;16;129;16:37:24
60.57989001;15.60726464;204;16;128;16:37:25
60.58017433;15.6074363;204;16;129;16:37:26
60.58045864;15.60760796;203;16;129;16:37:27
60.58074296;15.60779572;203;18;128;16:37:28
60.58104336;15.60802102;202;21;128;16:37:29
60.58131158;15.60827315;201;24;128;16:37:30
60.58156908;15.6085521;200;28;127;16:37:31
60.5818212;15.60885251;200;30;128;16:37:32
60.5820626;15.6091851;200;34;127;16:37:33
60.582304;15.60954988;199;37;128;16:37:34
60.58252394;15.60993612;199;41;127;16:37:35
60.58273852;15.61034918;200;44;127;16:37:36
60.582937;15.6107676;200;47;123;16:37:37
60.58311403;15.61119676;199;50;121;16:37:38
60.58329105;15.61163664;199;51;120;16:37:39
60.58345735;15.61206579;198;51;117;16:37:40
60.58362365;15.61250567;198;51;117;16:37:41
60.58379531;15.61294019;198;51;117;16:37:42
60.58397233;15.61338544;198;50;119;16:37:44
60.584144;15.61381996;197;50;119;16:37:44
60.58432639;15.61423302;197;47;119;16:37:46
60.58452487;15.61461926;197;43;119;16:37:46
60.58474481;15.61496794;197;37;121;16:37:47
60.58497548;15.61529517;197;35;121;16:37:48
60.58521688;15.61557412;197;30;119;16:37:49
60.58545828;15.61583161;197;26;117;16:37:51
60.58569968;15.61606228;197;24;116;16:37:52
60.58594644;15.6162554;196;20;114;16:37:53
60.5861932;15.6164217;196;17;113;16:37:54
60.58643997;15.61655581;195;14;111;16:37:55
60.58669746;15.61667383;195;11;110;16:37:56
60.58694422;15.61675966;194;9;108;16:37:57
60.58719099;15.6168294;193;7;108;16:37:58
60.58743775;15.61689377;192;7;109;16:37:59
60.58768451;15.61695814;191;6;108;16:38:00
60.58793664;15.61701715;191;6;109;16:38:01
60.58818877;15.61707616;191;6;109;16:38:02
60.58844626;15.61714053;190;7;110;16:38:03
60.58869839;15.61719954;190;6;110;16:38:04
60.58895588;15.61726391;189;7;110;16:38:05
60.58920801;15.61732829;188;7;109;16:38:06
60.58946013;15.61739802;188;7;110;16:38:07
60.58972299;15.61746776;187;7;111;16:38:08
60.58997512;15.6175375;187;7;111;16:38:09
60.59023261;15.61760187;187;7;111;16:38:10
60.59048474;15.61766088;187;6;112;16:38:11
60.59074223;15.61772525;186;6;111;16:38:12
60.59099436;15.61780035;185;7;111;16:38:13
60.59124649;15.61786473;185;7;110;16:38:14
60.59150934;15.61793983;184;7;109;16:38:16
60.59175611;15.61800957;184;8;109;16:38:16
60.59200287;15.61808467;182;8;108;16:38:18
60.59224963;15.6181705;181;9;108;16:38:18
60.5924964;15.61825633;180;10;107;16:38:20
60.59273779;15.61834753;178;10;107;16:38:20
60.59298992;15.61844409;177;11;108;16:38:21
60.59323132;15.61854601;175;11;108;16:38:23
60.59347272;15.61864793;173;11;107;16:38:24
60.59371412;15.61876059;172;13;108;16:38:25
60.59395552;15.61887324;170;13;106;16:38:26
60.59418619;15.61899126;168;14;104;16:38:27
60.59441149;15.61910391;167;13;100;16:38:28
60.59462607;15.6192112;165;14;95;16:38:29
60.59481919;15.61931312;165;14;86;16:38:30
60.59499621;15.61940432;164;14;79;16:38:31
60.59515178;15.61949015;163;15;70;16:38:32
60.59529126;15.61957598;163;16;62;16:38:33
60.59540391;15.61965108;163;17;53;16:38:34
60.59552193;15.61974764;163;27;51;16:38:35
60.59561312;15.61988175;163;38;48;16:38:36
60.5956775;15.62005877;163;58;46;16:38:37
60.59573114;15.6202358;163;58;44;16:38:38
60.59580624;15.62038064;162;39;45;16:38:39
60.5959028;15.62046647;162;20;46;16:38:40
60.59602082;15.62047184;162;0;51;16:38:41
60.59615493;15.62047184;162;359;58;16:38:42
60.59628904;15.6204772;162;3;57;16:38:43
60.59642315;15.62051475;161;9;59;16:38:44
60.59656262;15.62058449;161;14;63;16:38:45
60.5967021;15.62069178;161;21;66;16:38:46
60.59684694;15.62081516;161;22;67;16:38:47
60.59699178;15.6209439;160;23;68;16:38:48
60.59714735;15.62107801;159;23;69;16:38:50
60.59729218;15.62121212;159;23;69;16:38:50
60.59744239;15.62134087;158;23;70;16:38:52
60.59759259;15.62147498;158;24;71;16:38:52
60.5977428;15.62161446;158;23;71;16:38:53
60.59790373;15.62175393;157;23;72;16:38:55
60.59805393;15.62188804;157;22;73;16:38:56
60.5982095;15.62201142;157;19;73;16:38:57
60.59837043;15.62211335;157;17;73;16:38:58
60.59853673;15.62219918;157;13;74;16:38:59
60.59870839;15.62226892;157;10;74;16:39:00
60.59888005;15.62230647;156;6;75;16:39:01
60.59905708;15.62233329;156;2;75;16:39:02
60.5992341;15.62232792;156;359;75;16:39:03
60.59941113;15.6223011;156;355;75;16:39:04
60.59958279;15.62226355;156;352;75;16:39:05
60.59974909;15.62219381;156;348;74;16:39:06
60.59991002;15.62210798;156;345;73;16:39:07
60.60007095;15.62200606;156;341;72;16:39:08
60.60022116;15.62188804;156;338;70;16:39:09
60.600366;15.6217593;156;336;69;16:39:10
60.60051084;15.62163055;156;335;68;16:39:11
60.60065567;15.6215018;156;335;67;16:39:12
60.60079515;15.62137306;155;335;66;16:39:13
60.60093462;15.62123358;155;333;64;16:39:14
60.60106874;15.6211102;155;334;64;16:39:15
60.60119748;15.62098682;155;331;62;16:39:16
60.6013155;15.6208688;155;335;57;16:39:17
60.60142279;15.62076688;155;333;49;16:39:18
60.60151398;15.62067568;155;333;45;16:39:19
60.60160518;15.62060058;155;341;42;16:39:20
60.60170174;15.62057912;155;359;40;16:39:22
60.60179293;15.62061131;155;11;41;16:39:22
60.60189486;15.62068105;155;19;44;16:39:24
60.60198605;15.62077224;155;26;46;16:39:24
60.60207725;15.62090099;155;37;49;16:39:25
60.60216308;15.62108338;154;49;51;16:39:27
60.60223281;15.62128723;154;56;54;16:39:28
60.60229719;15.62152326;153;61;57;16:39:29
60.60236156;15.6217593;153;61;58;16:39:30
60.6024313;15.62200606;153;61;59;16:39:31
60.60249567;15.62225282;153;60;59;16:39:32
60.60256004;15.62248886;152;60;58;16:39:33
60.60262442;15.62272489;152;60;58;16:39:34
60.60268879;15.62295556;151;61;58;16:39:35
60.60275316;15.62320232;151;60;57;16:39:36
60.60281754;15.62343299;151;61;58;16:39:37
60.60288191;15.62366903;150;61;57;16:39:38
60.60294628;15.62390506;150;61;57;16:39:39
60.60300529;15.62413573;149;61;56;16:39:40
60.60306966;15.6243664;148;60;56;16:39:41
60.60313404;15.62460244;148;60;57;16:39:42
60.60319841;15.62483311;147;62;53;16:39:43
60.60325742;15.62504768;147;61;52;16:39:44
60.6033057;15.62524617;146;65;47;16:39:45
60.60333788;15.62545002;146;73;46;16:39:46
60.60333788;15.6256485;146;92;43;16:39:47
60.60332179;15.62585235;146;98;41;16:39:48
60.60332179;15.62604547;146;89;41;16:39:49
60.60335398;15.62622249;145;61;39;16:39:51
60.60342371;15.62635124;145;42;41;16:39:51
60.60350418;15.62644243;145;30;41;16:39:52
60.60358465;15.62655509;144;37;41;16:39:53
60.60364366;15.62671065;144;53;41;16:39:54
60.6036973;15.62688768;144;58;44;16:39:55
60.60374558;15.62707007;144;60;44;16:39:56
60.60379922;15.62725246;144;59;44;16:39:58
60.6038475;15.62743485;143;59;46;16:39:58
60.60390115;15.6276226;143;60;46;16:40:00
60.60395479;15.62780499;142;60;44;16:40:01
60.60400307;15.62797129;142;60;40;16:40:02
60.60404062;15.62812686;142;60;37;16:40:03
60.60408354;15.62827706;142;60;37;16:40:04
60.60412109;15.62840581;141;62;31;16:40:05
60.60414791;15.62851846;141;61;27;16:40:06
60.6041801;15.62861502;140;57;24;16:40:07
60.60421228;15.62871695;140;56;24;16:40:08
60.60423911;15.62881887;140;62;27;16:40:09
60.60426593;15.62892079;140;60;24;16:40:10
60.60429275;15.62901735;139;60;24;16:40:11
60.60431421;15.62911928;139;62;23;16:40:12
60.60434103;15.6292212;139;65;24;16:40:13
60.60435712;15.62932849;140;74;25;16:40:14
60.60438395;15.62946796;140;73;27;16:40:15
60.60440004;15.62960207;141;74;27;16:40:16
60.6044054;15.62966645;140;80;13;16:40:17
60.60441613;15.62973619;141;16;15;16:40:18
60.60442686;15.62981129;141;71;17;16:40:19
60.60444295;15.62989712;142;72;19;16:40:20
60.60446441;15.62997758;143;61;20;16:40:21
60.60449123;15.63006341;143;59;22;16:40:23
60.60451806;15.63015997;144;60;22;16:40:23
60.60454488;15.63025653;145;61;22;16:40:24
60.6045717;15.63034773;146;60;22;16:40:25
60.60459316;15.63044429;145;22;22;16:40:26
60.60461462;15.63055694;146;65;23;16:40:28
60.60463607;15.63065886;146;24;23;16:40:28
60.60465753;15.63076615;146;67;24;16:40:30
60.60467899;15.63086808;147;65;22;16:40:30
60.60470581;15.63096464;147;63;23;16:40:32
60.60472727;15.63105583;147;62;21;16:40:33
60.60475409;15.63115239;147;62;22;16:40:34
60.60477555;15.63124895;147;63;22;16:40:35
60.60479701;15.63134015;147;63;21;16:40:36
60.60481846;15.63142598;146;65;20;16:40:37
60.60483456;15.63151181;147;66;20;16:40:38
60.60485065;15.63159227;146;70;17;16:40:39
60.60486138;15.63166738;146;73;14;16:40:40
60.60486674;15.63172638;146;77;13;16:40:41
60.60487211;15.63180149;146;82;18;16:40:42
60.60487211;15.63190341;146;93;21;16:40:43
60.60485065;15.63203216;145;112;30;16:40:44
60.6048131;15.63216627;145;122;32;16:40:45
60.60475409;15.63228428;145;135;36;16:40:46
60.60467899;15.63242376;145;135;42;16:40:47
60.60459852;15.63257396;145;137;48;16:40:48
60.60451806;15.63272953;145;137;49;16:40:49
60.60443223;15.63289583;145;136;51;16:40:50
60.60434639;15.63306212;145;136;52;16:40:51
60.60426056;15.63323915;145;136;53;16:40:52
60.60416937;15.63341618;145;135;53;16:40:53
60.6040889;15.63360929;146;130;54;16:40:55
60.6040138;15.63381314;146;125;54;16:40:55
60.60396552;15.63404381;146;112;54;16:40:56
60.60393333;15.63428521;146;103;53;16:40:57
60.60392797;15.63453197;146;91;52;16:40:58
60.60394406;15.6347841;146;78;52;16:41:00
60.60398161;15.63500941;146;71;50;16:41:00
60.60402453;15.63521862;146;64;47;16:41:02
60.60406744;15.63539028;146;63;40;16:41:02
60.60409427;15.63552439;146;63;30;16:41:04
60.60412109;15.63562632;146;63;25;16:41:05
60.60413718;15.63569069;146;65;14;16:41:06
60.60414255;15.63572288;146;66;6;16:41:07
60.60414791;15.63574433;146;62;4;16:41:08
60.60415328;15.63575506;146;65;2;16:41:09
60.60415328;15.63575506;146;66;1;16:41:10
60.60415864;15.63576043;146;41;1;16:41:11
60.60415864;15.63576043;146;221;0;16:41:12
60.60415864;15.63576043;146;132;0;16:41:13
60.60416937;15.63579261;146;63;11;16:41:14
60.60418546;15.63586771;146;62;19;16:41:15
60.60421228;15.63595891;146;60;20;16:41:16
60.60423911;15.63605547;146;60;25;16:41:17
60.60427666;15.63619494;146;61;33;16:41:18
60.60431421;15.63634515;146;59;34;16:41:19
60.60435176;15.63648462;146;60;35;16:41:20
60.60440004;15.63664019;146;59;39;16:41:21
60.60444832;15.63681722;146;59;44;16:41:22
60.60451269;15.63701034;145;56;52;16:41:23
60.60458243;15.63723564;145;58;57;16:41:24
60.60465217;15.63747704;145;59;59;16:41:25
60.6047219;15.6377399;146;61;61;16:41:27
60.60478628;15.63799739;145;61;63;16:41:27
60.60485601;15.63827634;144;62;67;16:41:28
60.60492575;15.63856602;144;63;69;16:41:29
60.60499012;15.63887179;143;66;70;16:41:30
60.60504913;15.63919902;143;71;72;16:41:32
60.60510278;15.63952625;143;72;74;16:41:32
60.60513496;15.63985884;143;75;74;16:41:34
60.60514569;15.64022362;143;86;77;16:41:34
60.60513496;15.64058304;144;93;76;16:41:36
60.60511351;15.64092636;144;99;78;16:41:37
60.60506523;15.64128041;144;106;77;16:41:38
60.60500085;15.64163446;144;111;77;16:41:39
60.60493112;15.64196706;144;114;77;16:41:40
60.60485065;15.64229429;144;115;77;16:41:41
60.60477555;15.64261615;144;116;75;16:41:42
60.60469508;15.64292729;145;118;76;16:41:43
60.60460925;15.64324379;145;118;73;16:41:44
60.60453415;15.64353347;145;118;71;16:41:45
60.60445905;15.64382315;146;117;67;16:41:46
60.60439467;15.64409673;146;116;65;16:41:47
60.6043303;15.64437568;146;114;63;16:41:48
60.60427129;15.64462245;147;116;58;16:41:49
60.60422301;15.64481556;146;119;43;16:41:50
60.60417473;15.64500332;146;118;42;16:41:51
60.60413182;15.64516962;146;118;39;16:41:52
60.60409427;15.64530909;146;117;31;16:41:53
60.60406744;15.64541101;147;117;23;16:41:54
60.60405135;15.64547539;147;115;14;16:41:55
60.60404062;15.64552367;147;113;8;16:41:56
60.60403526;15.64554513;147;112;5;16:41:57
60.60403526;15.64556122;147;111;2;16:41:59
60.60403526;15.64557195;147;117;2;16:41:59
60.60403526;15.64557195;147;203;0;16:42:00
60.60403526;15.64556658;147;34;0;16:42:01
60.60402989;15.64556122;146;225;0;16:42:02
60.60402989;15.64556658;146;106;0;16:42:04
60.60402989;15.64556122;146;115;0;16:42:04
60.60402989;15.64556122;146;298;1;16:42:06
60.60402989;15.64556122;145;264;0;16:42:06
60.60402989;15.64556122;146;256;0;16:42:08
60.60402989;15.64556658;146;112;1;16:42:09
60.60402453;15.64558268;145;117;4;16:42:10
60.6040138;15.64564168;145;111;13;16:42:11
60.60399771;15.64572215;145;106;19;16:42:12
60.60399234;15.64581871;144;94;19;16:42:13
60.60399771;15.64592063;145;83;22;16:42:14
60.60402989;15.64603865;145;58;27;16:42:15
60.60408354;15.64613521;145;33;32;16:42:16
60.604164;15.64620495;145;20;39;16:42:17
60.60424447;15.6462425;146;8;37;16:42:18
60.60432494;15.64625323;147;1;35;16:42:19
60.60440004;15.64625323;148;0;31;16:42:20
60.60446978;15.64625323;148;359;30;16:42:21
60.60452878;15.64625323;149;353;25;16:42:22
60.60459316;15.64629078;151;0;28;16:42:23
60.6046629;15.64627469;151;353;30;16:42:24
60.604738;15.64625323;151;352;33;16:42:25
60.60481846;15.64623713;151;354;36;16:42:26
60.60490429;15.64621568;152;353;37;16:42:27
60.60500085;15.64619958;152;356;40;16:42:28
60.60509205;15.64619958;153;1;40;16:42:29
60.60518324;15.64622104;153;8;38;16:42:31
60.6052798;15.64626932;153;14;42;16:42:31
60.605371;15.64634979;154;22;44;16:42:32
60.60546756;15.64643025;154;24;44;16:42:33
60.60555875;15.64652145;156;25;42;16:42:34
60.60565531;15.6466341;157;30;47;16:42:36
60.60574651;15.64675212;157;31;46;16:42:36
60.6058377;15.64685941;158;31;45;16:42:38
60.6059289;15.64698815;158;35;47;16:42:38
60.60601473;15.64712226;159;36;47;16:42:40
60.60610592;15.64725101;160;35;46;16:42:41
60.60619175;15.64737976;161;36;46;16:42:42
60.60627759;15.64749777;160;35;43;16:42:43
60.60635805;15.64761579;160;36;44;16:42:44
60.60643852;15.64773917;162;37;43;16:42:45
60.60650826;15.64786792;162;41;41;16:42:46
60.60657799;15.64798594;162;39;38;16:42:47
60.60664773;15.64810932;163;42;37;16:42:48
60.60670137;15.64822733;164;47;32;16:42:49
60.60674965;15.64833999;164;49;30;16:42:50
60.60679257;15.64844191;165;51;28;16:42:51
60.60681939;15.64855993;166;66;27;16:42:52
60.60684085;15.64868331;166;73;25;16:42:53
60.60686231;15.6487745;166;56;20;16:42:54
60.60691059;15.64881742;166;16;20;16:42:55
60.60694814;15.64881206;166;343;20;16:42:56
60.60698569;15.64874232;166;309;23;16:42:57
60.60701787;15.64865649;166;304;23;16:42:58
60.60705006;15.64857066;166;304;23;16:42:59
60.60708225;15.64849019;165;306;23;16:43:00
60.60711443;15.64841509;165;306;20;16:43:01
60.60714126;15.64835072;164;309;18;16:43:03
60.60717344;15.64828634;164;312;18;16:43:03
60.60720563;15.64823806;164;319;16;16:43:04
60.60723782;15.64820588;164;337;17;16:43:05
60.60727537;15.64821661;164;10;15;16:43:06
60.60730755;15.64824879;164;39;13;16:43:08
60.60732365;15.64829707;163;59;13;16:43:08
60.60733974;15.64836144;164;63;16;16:43:10
60.60735047;15.64844191;163;76;18;16:43:10
60.60735583;15.64853847;163;86;20;16:43:12
60.60736656;15.64863503;164;83;20;16:43:13
60.60738266;15.64873159;164;64;20;16:43:14
60.60742021;15.64876914;164;14;17;16:43:15
60.60746312;15.64874768;164;340;19;16:43:16
60.60750067;15.64868331;164;317;21;16:43:17
60.60754359;15.64860821;164;315;25;16:43:18
60.60759187;15.64851701;164;313;28;16:43:19
60.60763478;15.64842045;164;313;28;16:43:20
60.6076777;15.64832926;164;312;26;16:43:21
60.60772598;15.64824879;164;316;25;16:43:22
60.60776353;15.64817905;164;316;23;16:43:23
60.60779035;15.64812541;163;316;16;16:43:24
60.60780644;15.64807713;163;293;13;16:43:25
60.60781181;15.64803958;162;273;10;16:43:26
60.60780108;15.64800203;163;225;8;16:43:27
60.60779035;15.6479913;162;201;5;16:43:28
60.60779035;15.64798594;163;192;1;16:43:29
60.60779035;15.64798594;163;252;0;16:43:30
60.60779572;15.64798594;163;23;1;16:43:31
60.60779572;15.64798594;163;79;1;16:43:32
60.60779572;15.64798057;163;222;1;16:43:33
60.60780108;15.64798057;164;26;1;16:43:35
